53.500+200.txt
Length: 509 Score: 500 Accuracy: 100% Execution time: 0.128138 [s]
53.500-100.txt
Generation: 1 Length: 509 Score: 212 Accuracy: 53.0%
Generation: 180.0 Length: 509 Score: 248 Accuracy: 62.0% Execution time: 3.1190546 [s]
53.500-200.txt
Generation: 1 Length: 508 Score: 136 Accuracy: 45.33333333333333%
Generation: 135.0 Length: 509 Score: 169 Accuracy: 56.333333333333336% Execution time: 2.4645947000000006 [s]
9.200+20.txt
Generation: 1 Length: 201 Score: 106 Accuracy: 53.0%
Generation: 99.0 Length: 208 Score: 117 Accuracy: 58.5% Execution time: 0.36241639999999986 [s]
9.200+80.txt
Length: 209 Score: 200 Accuracy: 100% Execution time: 0.013696599999999393 [s]
