53.500+200.txt
Length: 509 Score: 500 Accuracy: 100% Execution time: 0.09236919999999998 [s]
53.500-100.txt
Generation: 1 Length: 507 Score: 216 Accuracy: 54.0%
Generation: 180.0 Length: 509 Score: 246 Accuracy: 61.5% Execution time: 3.0421713 [s]
53.500-200.txt
Generation: 1 Length: 508 Score: 135 Accuracy: 45.0%
Generation: 135.0 Length: 509 Score: 170 Accuracy: 56.666666666666664% Execution time: 2.5124107999999996 [s]
9.200+20.txt
Generation: 1 Length: 209 Score: 114 Accuracy: 56.99999999999999%
Generation: 99.0 Length: 207 Score: 117 Accuracy: 58.5% Execution time: 0.35219870000000064 [s]
9.200+80.txt
Length: 209 Score: 200 Accuracy: 100% Execution time: 0.013738799999999607 [s]
