53.500+200.txt
Length: 509 Score: 500 Accuracy: 100% Execution time: 0.08161029999999998 [s]
53.500-100.txt
Generation: 1 Length: 509 Score: 214 Accuracy: 53.5%
Generation: 180.0 Length: 509 Score: 244 Accuracy: 61.0% Execution time: 3.0281290999999997 [s]
53.500-200.txt
Generation: 1 Length: 505 Score: 134 Accuracy: 44.666666666666664%
Generation: 135.0 Length: 508 Score: 171 Accuracy: 56.99999999999999% Execution time: 2.3448042 [s]
9.200+20.txt
Generation: 1 Length: 208 Score: 111 Accuracy: 55.50000000000001%
Generation: 99.0 Length: 208 Score: 117 Accuracy: 58.5% Execution time: 0.36634869999999964 [s]
9.200+80.txt
Length: 209 Score: 200 Accuracy: 100% Execution time: 0.014275200000000154 [s]
