53.500+200.txt
Length: 509 Score: 500 Accuracy: 100% Execution time: 0.1003385 [s]
53.500-100.txt
Generation: 1 Length: 507 Score: 214 Accuracy: 53.5%
Generation: 180.0 Length: 509 Score: 241 Accuracy: 60.25% Execution time: 3.0646259 [s]
53.500-200.txt
Generation: 1 Length: 507 Score: 132 Accuracy: 44.0%
Generation: 135.0 Length: 509 Score: 174 Accuracy: 57.99999999999999% Execution time: 2.2898341 [s]
9.200+20.txt
Generation: 1 Length: 209 Score: 117 Accuracy: 58.5%
Generation: 99.0 Length: 209 Score: 119 Accuracy: 59.5% Execution time: 0.40757900000000014 [s]
9.200+80.txt
Length: 209 Score: 200 Accuracy: 100% Execution time: 0.015048199999999845 [s]
